0100001011011001001101011001110011101001101100000011100111000110
1101111000111010010001011000101111110100000001010001010100000101
0010011001100110111111001000011010010111001100001101001010100000
0100000000001011010111110111101101001011011011010011111001011001
0110110111101001010100011010001110111100000100111111000011101100
1011110000000110110001110011010000110001110111011101101000011011
0001110010011100001101110110111000001101111001011001001101000010
1011100010110011011010001011111111000001000101000000110000011100
0101110101110111101101100110001011101001011111010001011010000101
0111011101000111000111101111011101000111110000010010110001011011
1001011111010111101000001111100011000101011111100010111110100111
0100010011000110001101010000011110111011011010011011101110010000
1100001001100100101101111000111111101000011110111010110110000001
1001000010100100111000111111110011111010001011100100110101000011
1010010100010010001100001101100011001011100100101101111111010010
1000110111001111010010000101001001010101011000100010010010101001
1111000001000101010100101111111101101101011000000010100010110001
0001001111011111000001111110100011111011110101000001101011101101
0011110111000100101011010001101010001110010111001010110101111001
0001001000101100111011101100010011111011100111001110111001010100
1101101000011110000000110000000111111011011110010100101110001101
0110001011110011100101011011000001011011100011000100010010100000
1011001100010100111011000111011001001011010100101110111001110110
0011010001011010001011010010011110111110010111111001110111001010
0101101001000000111110111100110100100011101100100101010010101101
1011101000101010000100011010010111100011110110101100110111000001
0110000110111100111101101010010110011010100000011100101010100100
0000110001100001111110100000000001010110000010100010111110001000
0010100110100101000000100101000011011101010101001010110000000011
1001111101001110011110001100111010000101111001010110100100001001
