1111101100011001001000110010011000000101110010001110010110111010
1110000010110011011000001011111110110011111011000011100110101111
1010100001011100110101111000111010000011011111001000010110001111
1110111100110111111001001001111011101111111010101010100000110111
0101101110101110001100100000111111101001000011100101011010100000
1111010011000010111101011010111011001001111000110111110010000101
1111111110001111001001110110001000110100001100010110010011011100
1111010100111110111111010010101110111011001000000101111000111101
1001101000010001100000000110100010111100100111011011101111001100
0010111001100011001010111000101111001101100101111101010100000011
1100111000100010110111011100111010101011110111111101000111001010
0110001101011111001111010100010011110010000101100111111000111000
1101000101101011010000111001000001110100010101100100111100001110
0101100111110000100101101100101111011001011101111010011000001101
0010001001100110101101101101110010011101111101000110000110010111
1000001000100011011100001000111110000010010010110000110101011011
1000111100010000101111011100111001111011011110100001110111010011
1110110000101100011001100011011011110101011101111000011100000101
1110100000100101001010010010100000101000110111110011000100110101
1101111111000011100001000110010000111000100110000011110101010010
0101000100010011101100110011000011011010000111100001101111100100
0110111001011110100000111000110110110111111011101000011000011110
1000000000010000110111111100110010011011111100100001110010000111
1110011111011100001100001101010001111001001100100111010001000111
1011011111111001100111111111000010011101011011101110101101101110
0101011001101100110010010101011101111010001001110101010110000110
1101011000011110001111101011101011000011000010001001010110101000
1101101000010011100110011100101010000010001111111000110110001000
0001001011111101011010100101000100111001110110110101110010000011
1110000001010011000001010100010100011000111101110000110010000011
0111010110101110110011111111110000001001111100000000100100011000
1111000111001010000000000001011000101001011001101001111100101100
0101100100010011001010111110010010111011010110010011101010000101
1111001110101001100000100001100101011100110111111111101111001011
0001011101001111111001111010000100101001100111101100001111011011
1011000001011010101010100111001101010110001011110010101000100100
1000000000110100111000111110111011101000011001000001100000001110
0000011100011110001101010001011101100111001001011000101110110011
1011101111111010100101010100110001100101100011001010111101100001
1100011000010001010001001110011101010000011110101010001011011111
0100000000010100011011011101010110010100110110011000101110110000
1111111001001110101110000111001111000011000110100000101000011001
0001010100111011011000110111010000101001110100100111110000011001
1111011111001001000000000011010010111110001100011010101000111000
1001011100101100000011110101001001010100001110001101100001110001
1111001100101011101010010111010111100011101010001000111111001110
0001001000000001001000011010100001011011110100011001101111000111
1110000000111011001011111001001101100000010110001100100101110011
1110001101011110000110100000010011010111101000000010111110110100
1000110111000000001000111111100110110101110001111011011101100011
