0100001011011001001101011001110011101001101100000011100111000110
1011111000000111101010110100101100110110101101110011101011110001
1101010000000110100111101010110011011011110001001001101110000111
0101001010010010111010010111000001101110101000001110011011000110
1001100100100101111001111001111101111001100001011000010001110110
0010111010101100110000101011000001010100001000001000000010000101
0000010001110001010001010101110000011111000000111110011111111111
0011101011011100010000010010011100001001110000101111000110101001
0110100011010100110001011110011001101000110110100110100001101110
0101010110100111010101001110100000010010111011000001111110010000
1000110101001111001010111010000100011011011010110101110011101111
0100001100110000100101111100101001101100110011011110000011001011
1010010101001000100000101011010000111011011010010111101000110000
1000011000001111110011111110100100110101111101010101111110101010
1000011110100101111100000110110011000001000010001110010110100101
0111001001100100100010101100001000110011111110010101001001111110
1111110110111000010101101100000011110101010110110001001110001010
0000101101000111101110100000100111000100110010010110000100111101
0001011011011110001010100001000000101001010010001011010011011011
0101000101000001011010110010011100001111111001100110110100000001
1001010100001100101001011000001110001010001110010010100011010111
0100010000101111000001000110111001101010010111110110101001100000
0100101111111111110011010110101000111011110111000110000111100010
1101011100111111101111101111101100101001101111000000011110000001
0101110100010000111011001101111110110001010001001001101011111011
1100001000100010110101110100001000101110110000101100110000011101
0000000010101010000110001110010101010011011001001000001000000010
0101101100101011011101110000100011001001101111000111111100100001
0101100110001001001011010110100010000111010111110101010101010100
0100101101110001101111011110011101111001111001101110100101101000
1110110110010011100001000100010100011111101101100011001010011110
0101000010110111111001000110100001011011010001110101010110010001
1000000101000011010111100000000001110001110101001010010100110011
1000010011110010010001111011001000100101110110001110111001101000
1110110001110000101101111110000101111000001011001100010100011111
0011101101101111001111010100000001100000111000111111011001010011
1001100011011010001110100110011110111001010101011001011010001010
0001000110111001010001110101010010011000111111100100100010100111
1101110110111110100100101010001000110000011010011110000100101101
1111110110100100011001000000000111100010000001011111011001110000
0100111000100011101100100101010110100110111001111011011011000110
1001010111011100111000001100111110000100010100000011000111111100
0001100100011010011110101101101011100010010001011010010001011101
1110000101111001110011001110001100100000011011010000010110111011
0101001010101100101001001101010001110111100011001110101111000000
1011001000010101010000011111101000111100000101011011101110010000
1110101000111100100101000101101011011100010000101010001011010101
1010000111101110011011000000100100100011001111101110000001101100
0011100001001111110101111010100011100101111110111100000101100100
1011101110011010000100111010101111100000001100101010101100100100
1011010101110001101111111110110111110011010110011000011010010010
1100100101100100010001000011011101010101010010100111001100011001
0101111100111000110111000001110110000010011100000010111100011101
0101101100101010110010101111011001000000000011010010000100011010
0001111010000110010011010110110001000011100111101011011001001111
0001111011110010110001111100011001110111111111110010011010000110
1101000001011101010100101110101111010010000001100010010100010111
1000111100111110011001100101011100001000110000110000110111100111
1111011011101001111111010000100100110011010010100110000111110100
1101100110011110011111101011111000010011001010110011110100100011
0010011111110110111001000010000110110100001001101100001111111010
1000011011010001101001001111110100000100111100101110011100011111
0000011101110011001101101101101001111010011111011001001011100100
0100010001000001101010000000001000011001000111010011010000011010
0100011101010101000000111011100010000110111010010111000100001000
1101100101110110000101101000110011000101000000000010011000001001
1111001111001001111011110100111111000010110101100001011111010110
0000011111111101011001101100110101111111000010101011110100000001
1100110110111101000111010110001110111101111000110110101100011101
0110011110010001111110110001101110101111100001110110001101101100
0000010110110000000100100101001101111001110001110101011111001111
0010001010011100100100111000101011011110100110111110010100010101
0000010011001011101001011101110100101011000100001000111011011100
1011110100111000100110111011110100110101010110011000111110010001
0100000000010111000001011011001101001111100001110111111001111110
1100101110110000000001010101010100000001110001001101111011100111
0010001100111010111101011100111001110001000010100001000111001011
1111100000000011010010011101011001000001111010100110101100100100
1000100110010111100100111111011111110010111010011000100101101100
1100101001010101110000010110011110000100011010111110100110000001
0101001000011000111000011101011111011001110011111000011100101010
1010101010001000101100100100011110101110110111111011000110111100
1101000000111111010000011110110110110001011011001010001010000000
1111000000111000101000101001111001000000011000010100110101001011
1001101100010101001101111111011010001101101001100000000111000000
1100001101100011111010111110101011010111100110001011011110011001
0110110000011000001011000000000001100110001011110000000011010011
1000111111011101011100110001101110110011111101011011101100100101
1111010010111100110000000100001010010010010001001101110100110111
0001000110101100101100100010010000000001110000110111010100010000
0111010100100000101001100000000111111111110000010010101000000000
1011001100111010110100111100010000111001001110011001110110001001
1001000111111101001000000101011000001010011110010001111001111001
1010111111000101110000110000001011010101100100110011000011011010
0111000111111110000111000010111001000110101000001001001010101001
0011011010101011000011100010000000110000010001101010001101011011
0000110000010110101100000111111100001000101000010001111110001011
0100011001000111110100111101101010100111100000100111011000101111
1100010111100000101101101000010010000001100010011001010011111000
0000001010110001110000001110111010110001011001011110011110010001
1000110010011010010101000101100000100010101100010110111001100000
1011010100100111101001100000101100110011111011111110000001011100
0001101000101011011110011100111100101011001000110110111001111110
1010101011001000011110001001011011011111011101011010001010010010
1101001010000110000100100011100011110001001100111110110110110101
0100100110001111011111101000111011100101001010011000010000101101
1100001101011000100111011000000010100011001011100000000110010110
0011001101010101101100000111101001111010110000101111101000111111
0111000101010110101110000010110100000001110010110001100001110111
0101000001001110101101001000110010101010111011110000001100010000
0111110010101101001101110111110010011000000111001011101010010010
1111001111011001011011110011111110100000111001000000111100000010
0100011011110000100100101000011111001100011011000100011000000000
0111010100110111001001101110000000110110000101101001101010010011
0011111011000100111011110011101010110000101000011000010101101110
0110010101101100001011100001001100011101010100000010101001011101
0100001000001111110110011111111111101101001010010011111011001001
1100110001100010011001101000011010010011111010100011110010010100
1001110010101000000001010001010110110001101101111110110111010001
1101111100000110110111011001100011111100100001011101000001101101
0001000010001100000001000100010010010101000001010001011011110011
0001111100010101111000000000100110001001111100110010110111101110
0011100101100111001010100010000000111100011110001100000100110100
1010101100001001001110101010010000111110111100100010111001100110
0001001010100111100111101010101100101011111011110110110100000101
0000100101001011010111010001110111010111110101101011011001110011
0000011111000001010110101110011101100001110010000100100111110001
1010011011111010101010001111001010000100100110110011100010110101
0110001001110001010000100110100111010111000000111010111101101000
1000100001100110000011100001010110010111000100001000100000101001
1001010101111011101000111101010011111110100000010001101011011000
0001000111011000001010011011110010011100100110000100111101111001
0100110101100110001010111110000110101001110111011000111001110101
1111100111101100110011000000001110001100111010111100111100110001
1101111010110110111001110011101010011111111100011110010011100101
0000011101111010111001010111110110110111110111010001110010100100
0111010010100101111001111110010100001101110111000001111010111110
1001101101111010010101100101001101110001110111110100101101101110
1101111110010100001001010100100001010010100001010110010111000000
1001110001000110000111101010011001111100110011001001000001111011
0010011011000101000000110101101010111010111000011011101110001111
0101110100100101101100111100010010011000110110011011110010100001
0001101110100111001000001101100000001100000010001110110010110101
1010100001010010010110001100000000101111110111011010000101111111
1011111100111110010100000101100001111011111011011111101000000101
1010000111110010110000000000000110011001101111101000000001111111
1000100110001101011010111110101111010000001111000001101101100010
1010100101100000110000100000101011000001010111101011110000110111
0000111100001010001010000100001111000001110011101011001011000010
1010101010110011010100011111000100110101111101011001101010101111
0001111000011001110011010110010101111111100011101010001011110111
0011101111000010101111111101011110111100001001001000101001010001
0010001000011001110101101010001001000001100111000110000010100001
1100001001110110000000100111100100100000010100110101111011010011
1100101100011101100000001101110010001001110010010010100111110101
0000000101100100100100100000001001100010110011111101010000000001
1010011101010011100011011001011101100110011100100111011100101100
1010010010100110100011111101001000101100100001011000011101100100
1010011011101100000100111001110000101001010010101101110010010101
1010000010111101111000100100111001010011010111101111011100000000
0011010101001001001011100110110001101010101101000110000100101110
0011000000110000101001110011000010100011010110111010001011111111
1011011100010010011101110001010011111000011010110110110101010000
1011100001000010011001000011101000010100111110100001100100110011
1011001011010011001011010000010011101101101011100100001110101111
0110100010101111000011111011011011001010100001011100100000101010
1001111110111001101111100101001000010111011110100010110011001110
1101000111001010010101000111100001111110001101001011011011000011
0011111010100100000101010011111001100110110110110011001010111101
0101111001100100101001111001101110110101111101111011010000100001
1101111001101011011110010000110001101000011001000101001001001100
1110011100110001001011111010011100100010100111011101000000011111
1010101010101011110110110001101010000111101101011111001100111110
0000111000101110010011111000010110101100100000011110101111101011
1111000110011111110011001011111001101011011001001000101000010010
0111000011001011001100110110001100011010000111101110000101101011
0011000100100000101010001100010100110101101101011111001011001111
0001000101111111010000100001100110111101101110110111000010101110
0000011101000010011100100011111100111001110111111110000100100101
1101010011110000100100101110110011110001100001010111111111011111
0000011101011101010011010010100011111111011000110001011011110011
0100010100101100111100100101111100100000111011111001111001110001
0011111111011101100100101111110000001001010101010111111110101001
0001000101110110100011101101011101101011110001011111000100010000
0001010001111000101001110001001011110001100110011100101010010101
0101101010000010011100001011110101100101101010110110111000010001
0111010011111001110110101001000110100111000010110101110011011110
0101001001000001101011111010000001001010110011100010010101110000
0111010100000111111011010000000011110000001011000100111010110111
1110001010000001101101111101100001101100011010001000110110000010
0010010100000010001010001011001000010010000111111001111001011010
0101101111010110100110000101101101010111111000110100010101100111
1000110110011100100110011101001100010000100011110010011100011111
1101111000111010010001011000101111110100000001010001010100000101
0010011001100110111111001000011010010111001100001101001010100000
0100000000001011010111110111101101001011011011010011111001011001
0110110111101001010100011010001110111100000100111111000011101100
1011110000000110110001110011010000110001110111011101101000011011
0001110010011100001101110110111000001101111001011001001101000010
1011100010110011011010001011111111000001000101000000110000011100
0101110101110111101101100110001011101001011111010001011010000101
1010010100000111111011110011000101100101001101101101010111001101
1000001011010000101000000110101001001010001001111011100000010100
1011000000101001101101101110001111101111000001101101011110000110
1010101011101001001101100001111101011010000000011100111111111100
0111100100001110111001110110111101011111010000010110110111010010
1000100010011010001010111001000010001110111001001011000000100101
1010110000110011110000100010011000100111101010001011110010111101
0001010011001110001000000010011001110011101011010110110110000101
1110011111110000110010010001010100001001111000100100000010100011
0100011101111011101101110111101001000110111101111000100100001100
0101000010000001010100011111100110000100000011010111111001010111
1011100100000110111101101101101010101011001001000100000100010011
0101101001000100010101010001100110011001111001001001101110101110
0011010001001001010111110110000000011001110111000001111000000000
1010100010010111110011010101000110100100011010000100011111000000
0111000001010011101010111000011101001111110010011100111010000101
0101001111000001101001101010000111001110100111001101000110100110
1101110011101110110100100111001100101000111100111001001011001110
0000011100001010011010010010011011000010000010111010000111110100
0001100101101011000000110100010111011101011110101110100010010100
0010011001110100010000101011011001101111111101111011001011110010
1000101101101011001110010010010111100001010010100010110001000101
1101001111111001111110010001111101101001110011110000100100101010
0110110110110111100011011000011111011011001011001101101110111111
0110000011101000111011110001100010010010101011100011011010100011
0010000010001010100110101100010101110011111110101001111011101000
1010100011111111110110100111001011001010101100011111100100110101
0001000100000100110001001101010110001111101010110001101011010000
1100110100010000110110010001010001010111101010011001110100110011
0110010110110110000001101100101001110000100000000111000011101010
0000011010010111100010011011000101000011001011011101110101101010
1111001011111011010111010011000011110010101100100111111110010100
1010111101010110001010000100111001101000000100011100011110100110
0001011110010110010111100000101101110110000010110000011101100101
1101000110101101100101100100100101110010101111010111100010000111
0111011100111111110101001010011111110111101111100001111111010001
1100100000011011101000010110111110110010010111100010001001010010
0101001111110100100000111100000010001100001110011101010100101110
1000011100111001110010110111100110010001101111000101100001011010
1100110010110011111100001100010111110011010111101000001011000011
1111001001001100010011101110000010101110111001101101111011100110
1000000111000110010100110000110111000001010000010111111111001111
1101100100001001100001110101011001101000110110111000001000001111
0011101000110101101000100010110110100000001100111000100000010000
0011001010110101011011010100101110001001001100100100001110101000
1000111111000000111101000101010101101100110100010100101000000011
0101111000011101100010100100010111101101000010111110101001101101
1100101010001101100010101001100001010001001011011011000000010011
1000001010101011101101110011000010001010011001010100101000111111
1101011011010101100111010010000011011010010010000011111111101100
1010010010111111001101001010111001110110000010111100101000110000
1111010100001001111101011100000010011010111110010101100010011111
1011010100010011101111011111111101000111010101011011000100110101
1111110011010101100100010111110111101111000001111000000010000111
0101010010110010001101001101011111101010000110000010001100100011
0100100100000011010010011001010001000100000110000100100101010111
0100010001000111010000111101011111100000111111011111101100111011
1010101011000000011101110101110100000110110100111110001001110010
0100010100111011111100010101110010000101101111001001011111101000
0101110000010000100011010101110010001011100110100011011010110010
0001101100111001100101100100100100101101100100110011000000000010
1111100100110101111110010011010111001011111111000111000100101100
1100010010110100010100000110011010010000101101011110111001101111
0110010111101111111001100011001010110011100111010000010001010110
1111111100110110011001000001100011011001000000101100000100000011
1101010110011011101000011010010100111111000110111110011110001011
1100111111110011110010100110011000100001001100100011001111001001
0000011101010010010000111101101111110001100111001111011001001110
1100110111001100010101100000001110101000101111100010100111000001
1101101101100011001111000001110110100011000011101001110100000100
0001001101000000010011110000110001111100011111001001110000111111
1110110010111011000011000101111010101001100111001011110010110100
1101000011010101000001011111001111000101110111000100011000000000
0110011000011011110001110110100011010111000001010001101010010100
0111100000001001110110110001010001010100100010010111110011110010
1111001001110001101011100001000001110101101100101000011001011101
1110011110110011010101011011101011100000010011000100000000110100
0010100100001001101011001001111110110100000110010110100101100100
1010010100011010101001000101010101011101000011111001100000100111
1010101101111011110101010101100101110111100000111110011011011110
1010011000111100100000101001010001011100101110111001110101000011
0110010011000000100111011111011100001100111011100011111011110100
0110100111000001011110100000001111010010100001101101011100000001
0101010101011001100111111010111100110010000110001010010011111000
0001111111111010111111001101001010000110100011001111111001101000
0100111000010111011100010111011111010110011100110111101011110110
1100000101001100100101110110101000000011100111001010111101010000
0001111001111000010001100101000111101000001111000001001100101010
0001100111100101000101010000010111000010010001000100011101110000
0101000011000000110111101011110110101000110010000001010111001011
0100111101011000011100000100010010010000100110111011011011011110
0010100100000100010001001010001101011010101110010101101010001000
0000011101101100000000010011111000101110100111011000001001011111
0110101000100010001011000010110100100111111101111101110111010001
1000000111001110100011010000001001110100111111100111001110000100
0110100111110101101101110100101100110000000010010001010101111111
1001001011001111001000010000010011001011110011101000000010100101
1010010010110111001001011111110001111001101010111010001011001011
1110000000001010111101111011111111010010110011011001011101111011
0111101101010001110010010101110001000111110010100111100111001010
0100111010000111001001100111111111011111000010110111001100100100
0011010001101101110011100000000101011110100000010110011011001011
1001000010010001110010011011110110101111111001100000001001000001
0101000111110101100010110001001010100111110001101111100101000010
0111100111000101001110010101111110011001100011111011101100000110
1001001001010000110110100010100010111110000011101101110100001010
0001011111011110011101010000011110000000011101111110101001011101
0011011011111101110000101011001111000100100100110111101010011010
0001001111000000000000111000111001000001110010001010000111001100
1011110010010001010001010101010000100110000011100111000000100010
0111001011111010110000111100111101100110011101001111110011001101
0010101011101111111101001011010110011110100001000001011000111111
0101000001100000000000101001101101100010101011001000111110010010
1110111011011011001001110010101000111111101011001101001100000111
0010001111010001100011001110100111100100001010111010010111101000
1111101110100001000111000001001101110110101011000010110011100001
0111111000011000110100110010101111100101011010100001111101011100
1001010101001010101100010000010010111000111010111110111111100001
0101011100001100110011011001100100110111011110001011001011111000
1000000001111100101011011000111110010100101101110110000100001001
0001101000101011010011111100111111100111100011110111000011101100
0111101001000001001111111000011001010101111101001100011101111011
0001010001011101100000111010110001011000111110000100010100011111
1011000010001011000100110000101101010101110111110000110101110101
0000000010001011100000110001100100001010101110010101111000010000
1010000110110000111001000010001111101100000101111111011111010001
0110100010001001111100010000101111101000011010001110100100110000
0110001100000100001001001011110011011011010111111001011001000100
1100100101111110010000100010011010101011111110100011100011100101
1111101110001001010100001000010010000100001000010100110010010110
1011010100110000011111000001001001011011000111101000000010010101
1010011000010101001100111001000100110101111110001100101000101111
0101011111100110000011100001001100010010010110110000100110001110
1110101100001101010101000010000111110100011110001010101100111110
1000110100101111000100111001111110111000000000000100100111111100
1010001010010001000000010010011000100011001101000101010000010100
0001001100001010110100000100110010010100010101111000010001110000
0110010100011111010000101111001111011101000000101100100100001101
1101000011011010100111010001011010100110111010011001011101101011
1011100000011000000101111111101000011010010111101101010001100100
1011111111111010110100110111110010101010011001001010011111000111
0100100111010110010110100111000100101000000101110011000111101110
0010011001010110110010010111101001110001001011110010110101001111
0001110111010101100110000101100111110001001110000000011101001100
1001110010011111011010110000010110100100111011101000110100000101
0101101010100001101100111010110100010100011011101001110011100111
1111000100010111010000011100110010100010101110110010100111011100
1000111101011010111101011110011101001001111100010011110001000110
1101100110110110000001010001100110110001000101100011110000010110
0011110101000111101010010001100001011010110000110101111001110001
1101001001101000111010000010111100001010001110110110111000001101
0100010001010011100010101010011010010101001000111011111010010011
1100100001000101110111001110111000100000110001111110010000110110
0100011011010100011010110000011001011111101001011001111110010101
0010111110101011101101100110000000110110110101010001100010110000
1001111000011001010111000010011000000101110101101010000100011111
1011101110010110001010100100100100010011100000110100001110100110
1111110001001010011110110000010100011110010111010001101011100010
1100101111110101110000000000001011101000011111100100010011001001
1010101001001100110011111111010001001010101001101101000110011111
0100101001101011001101110000010111000100000111101111000001000000
0110001011000011010001101010010110110000111110101111100100000010
0010010001110100001110010101101101010011111111000010011001001110
0100101110100011010000011101010101111001010100100100101000011011
0110101111010100001110001010010001001110101000001110111110000001
1011001101001001111110011001010011011111100101110000001000110110
1100011010010011111101101101100100011010010110001101001000110111
0100100010110010100111000110000011111010110101011110100001111001
0000100001111111000110111011101101100111111001011111101100111101
0101010111110100010101010100110001010100000000110010000001000011
0110101111101100101010001111100011100010101000111010101011010001
1111111011111100111100001000100100100100111001110010101000000010
1110101101110010011011101000110011100111101001010110011011011101
1011110010100110010101011011100100001001010011010001100111111110
1100111100100111110011101111011110111011101111111100011101101110
0111110011100001111110001110111110010000000100000110011010111111
1101011000010000001100000100010001101011010111000100000010101100
1010110001010100001111000011100110101001001101111010110110000110
0100111011111000100011001100100111111111111100000101100000010101
1101001001000101111010001110001000111010001101011111011110110000
0000110100111011011101111000010000110110111000100011001011111111
0011010000001010100111111101100001101100010011011110101100010101
0111101011110000000101101111110010000011011110011001100101010011
0101100001110100001011000100001000001111100010000100010110010010
0110100000101000001100111111100000001110011111100011110001011110
0110011101001000010110000111001011101001001011100000011110100101
1101001010001110100101010111100110000010110000111110011111010100
0100010111110010101001111100011110011101010001101011010100011011
0011001011000100000100110000001111110101010010011000011010010101
0011000101000001110011100000100011010100010100100001100110011000
0011000010110000101000001111011110111100010000101011101111000110
0010011110000110001010000001110001001100111010001110000110000101
1111101110101100111101100110101100101100001111011010100100111111
0000010000110011000100011000110111000001000000001000010101111010
1110000000000010100100111010001110101010101011001100110000001100
0010011000001010010000000101011010111010111001100000110001111100
0111100001010100111011100010001111010101101000001110100010110101
1110101110110001110011100100011010111111100111011011111100011101
0111110110001010110110000100000101011000111100110101111000110111
0111001100000000101110110000001010101001001011111100001000111100
1111110000101100011011111011000011110111110000011100000110101111
0011110010110100010100011010011000010001100011001010100111010001
0000100000101111101011000000010000100010111101111100101100111111
1001000001111000010001100101001001111001010010010010111001100010
1001011111011111001001111000000110011111101100111010111000000000
1111100101001110100000011011010111110001111000110010110000100000
0110000000100111011110110111110111111001010011000111000110000101
0101011000001110110100000101101011010011100001110100110111100000
1110001100100011100011011010000001001000010110000111011111010110
1001111010110110011000001011000010101001011010100100001011010011
0000111011101001100110100001010010011010111101101101010110111100
0100101011100001010111011011100001111110010101101101001010011111
0101111101110001011110100011000111010101001010011100000111111010
0110001011111101110100010100111001001010111001111101001010001001
0010011010110110000101010010101000110011011001010101100000000100
0100110001100010100111011110111010101011110001110110101011111010
1111000010001010010111000111000011101010110100110111011111010001
1101010100100110010010101001110000010111101010101011011001100110
0100110011010100011100011111011011111001010100101001001101011011
0010111011100011000011101101011001100111100100010001100111110000
0100011000110000010100001100010000011000010000001101110001000000
1111111101100100001110100000100111010010110111110110011101011010
1101001101011011110110100110111101100111011100011011000011100001
0000110100101111100000101000110001101111001111110110111010011110
0011101101011101010111011100010100101001111011011100111100010001
1101000111011101010111011011001101100001101000010111000100011001
0100000111011110001001101111110011010100000010001011011111001001
0111101010110010111100010001111011101010011010011100000100111011
0010110111010111001100011101011111010101011110001000011100100110
0001110000101110110110100010101011110011100010110110010111111111
0010100100100000111110111011010011010011101000001111111010110100
1111100101010010110110101010001010100100010101011011001010001100
1100000100011111110010001010001100001011001010010110010111110101
0111010001111001010011111110101100101100101101011111000001110111
0000000010100001001010011110001111001010100001000001010011011011
0010001011000011000101001100000110100011111111101111110111100000
0011010101100000110111000010101000111111001010000111001100110000
0100001010100011111110010010000101001011000000111011101101001000
0000110111100111011100000111011001100000111111101000010000011010
0001001011110001011000010101111100111010100100100101011100011011
1010111010111011111100001100111110000101010001010011001111010001
1000101011110011100111011000100001011001101000101000011000001101
0100101000010010011011100001000110100000100011110000111101100100
0011101111110111110110011001111011010000001001111101010000001000
0100101110000011001101001010010101011110010101000100010101101111
1101010001111110110111101111010011011100010011110000011101001011
0010110001000011001111111001100001111011001000010110001111110010
0011111100110101101100100100010100011000100010101000001100110111
0011111010010010010011110100010010011111010101010111000011110110
0110010101010011111101100111011110100111001111100100001100011111
1011111001111111011100100011101110000001001001000011101001110001
0111000111110010110111010011000011000101101010111011101100000001
0011010010010100001100111010011111101011111111010101111110101101
1100010100001001111111001010100000110101010110101010000101100100
0101011111011111110111110000010111010100110101110100001100100000
0111000011001101101000101000111101001001011101000110110010011100
0010101100001000101001011010101111010101010011000001100110101110
0101010111111010001100010100000011100001110111010000010010010000
0111011101000111000111101111011101000111110000010010110001011011
1001011111010111101000001111100011000101011111100010111110100111
0100010011000110001101010000011110111011011010011011101110010000
1100001001100100101101111000111111101000011110111010110110000001
1001000010100100111000111111110011111010001011100100110101000011
1010010100010010001100001101100011001011100100101101111111010010
1101110101011100010011000111000110101001011111101100001101010100
1011100110101111010110111100001010011101100101000100101110010101
0001110000101001011001101111011111100100101100101011100100100111
1010000001100101101010111011010011111001000111101101111101011010
1111110100010100101000101011011100101100101111101000001100010001
0001011111110110010101010000000101011100100101011001100001000110
0001100001111011000111010001000010001001110000100100011001000010
1011101001001001000111000011100000110101100011011101111100011110
1101001111010110101111000111011110100010111111100101011001100110
0010001000111100001100110110010010001110010001011110100101100101
1010101101000111100100100001010011110110011100011011001111101010
1011001101010100001111111101111011000111010100101001101011010011
0011011010101110110000110110111101010100101111100010101100001101
1110100101111101011001100111011010000110001011101001110000111001
1110110011001110100011010100000111010100111100100100010010000001
0100101100101100001011001111010011110110110000111100001010001100
0010010010101010110001111101111011001011010100001010111010101101
0011010110110110111001100001101110010100010001001001000111100111
0001010111110110100100111011001000100110101000101011100011100010
1000110111001111010010000101001001010101011000100010010010101001
1111000001000101010100101111111101101101011000000010100010110001
0001001111011111000001111110100011111011110101000001101011101101
0011110111000100101011010001101010001110010111001010110101111001
0001001000101100111011101100010011111011100111001110111001010100
1101101000011110000000110000000111111011011110010100101110001101
1101100001001011111010110011100111010111100010111101100110011001
0100000110001110110000011010010011011011101111101010000010011000
0000000000011110011110001001000001001100011101110001001101100110
1000110001000000101101111101100100101100100011101111100001010010
1101001100101001110111111010010001011000001110000111111111001111
1010110100010000100010111110011101111110010111110110101100101101
0101010001010001110001010010001001101111010001010000100010101100
0011011101101001110100001001100101111101101010001100010100011010
1010100011101001000001111110111010101111000010000011010110110011
0001011111001100110000100001100011011010010111111011110101010000
0110101111110000001100100000011101000111010010101101001000101100
0111000011001011111111010101000101010000010110010001000111001011
1100000000101111111010010110110100000011011110111011111000011101
1010101101100100011011000000111010010001101111101101010010111001
1000101001110110100011000100000110101100010100101110010101110110
1100100010001110010010010001000101001100010001001000101000001100
1011111100111000010000110010011101111001011000011101010011111110
0000111011010011100001010001100111111110011010110011110011110001
1010010110010001111111101101111101101000011011100110000011010100
1010011001110100111001100111100010001010101000010100001110011101
0011100110100110101101010010110011000101111010011101101111100010
0100010100101110000001010010001110010110010011100100111110011011
0010001101011110111010011100000100010001010010000101111110000000
1101011101100011101001110001110110110101101111010010111011110110
0101001101111110111011000010101010111011110101101001101111000010
0011110101001110101011011010100001100001111010001000111100100111
1111000000111010001000001001101111000000001100010011101100000000
0011010100000011111100010011110111000001010101001011010101110111
0111110100010101101100011011100001101111011010110100101111100010
1000111001000101110010010010010010001011001010100101101010000010
0101110110111111001101110111100011010001000001010011001110110110
0111111001111010101110100101110101101011001001110110011100101101
0001110100000101110000100010000011100000010111110100110101010101
1110011001000110101111111010100001111010001100001011110100011101
0100001011011011010001110011100110100000001000011010000010010010
1011010011110100000001010111000000011111111101010101000000000000
1000100011010001110110101010000010100110110011000111100010000111
1100111100110110010111010100101011011110001011100010010001110110
0111001000010111011011101011010110110100101011100110101110101100
1100010010010111001010001111010000001011010010101001001011111010
1010101010110101010000011010000000000000000111011011101110011111
1101100110101110110000110001101000111100000100001010011000001010
1010101000000010110111110110100110000101110001110001011100101001
1000101110111110000101001110001111000101100011111110101001110110
0000100010001101010100011000011101111101110001101010110101011001
0001011100100110001110010110010110000001111111100110101010001100
0111001010101001001110001011111101011110111010110000000100101011
0001010010111100011100110101101000111011101110010110101001110100
1011101100010110000100111010000011101111100111101000101010110010
1101111000101100101110000001110110000000010110100110010111000100
1000111110011100100001010111010111001101010101101100111100110111
0110100101001011110001011001101010110010010010001000010100001111
1111010000110110101011101011100100001010011011000101111110100001
1100010001101001101001000001010111100011001001100110000101011100
1010100000000111111101100000111000111100110010101000101101110001
0011111111001000101001001101001011111000110000000101111011000000
1100101010101111101000001100101111100010011010000010111101111110
0000010010001111100011110100011011110100100001110000100110101111
1000001101100000001011111000000110110001111011001001011011000111
0101110101101000010111111000001101110011111110011011000010010011
0001110100010000000001010001101111100000110001001110011010011111
0011001000001010010001100100111111101110010011111010010010011100
1000110000101001010000010100100011111111000101101100001110101001
0111000100111111110010011001101010001101111101111111010000100100
0010001100110011101010011110101100100000101111010001010001100000
0010100001000011110010111111001010110110000100000111110101111010
1100000101111100101000010110011001000101001110111111100000010001
0010000100110011110100101000001111010110011111110101011010100100
0000110000011101100011100101100100011101010100110001101001100010
1111010110000110101111000011111110011011101111110111001110000101
0110011111101000010110110000110010101100111011011101010011011100
1111110110000111111101010101100110010110011110000001111111110011
0111010010000000011100000110010110001011010100111001011100111111
0010010101101101011100011011000000110100100110011110101110111101
1110110111001001110110100011110000101110011100111110011101100011
1010001111101000000001111110100101101010100011110110111101101010
1001001010111110010000001000000101010101110000001000011010000110
0010010011011100111111001000011001101101010000000011010001001111
1101101101011100110100111000010110111001100100100100001011100000
1000001100000100110101100000101101101001001011001000110101001000
0000101110100110101011111011011000000000110000110010111010001101
0111100011111110110111101110110010100010101000000101011101000010
0101000010100110111001010001111011101100010010111100010000000110
0001110011011010100000001101001010000011111100111011100110001001
1000011100001000010110100011010001001010100010001100001011100010
0111110110000101101100110101010101011101011000001110000000001000
1011010111000111010101001000110111011101000100101100011010110101
0010100010010001010011001110001011011110100110111100011001111100
1100100111100010101101100111000011100100110001000100000011000001
0001100001110000000111100101110101000001001011001010001111010100
1001011111110100111101101010101010100010010011010110101011011111
1010000100110110111001011110110000101011010010110011001110011100
0110001100101101100011100101100010111010011110000000101000111100
1011000011111001000101111001000110001010011100111010100001101001
1110100100010000101110100110101101110100010110001100110001110010
0001001010010100111001000101010100111100101011000001111011010100
0011111110101000100000010000101101110011100100110110011111100100
1101010000011111001000100000001110101010010100000110010001110011
1011100000110001010101110111111100101010110011001010011100000111
0111100011110111111100111001101000011111011101110010000110001100
1101110010111101100011110111010000101000100010100010110001100000
1000110110000000000001100111011000110110111101011010101001100001
0011111110011000100111010101100110100101000100010100110110110000
0001111100110000011100011011111010000000000010000100110000111001
1001001110110010101101010100000101111100011111011110001011100011
1101001101101001001100011111000011000110000101110111000111011001
0010111000010010111111011000011101101110110011011011000101100010
0010111110111001000101010011101000101111010110011011011000000001
0101000110110000111000111010101111000100011101000001101110111010
1011011011111111111011000011101100000000000111101010001010010101
1000000010001010110111100001111100011011101010110010100111111111
1011100110010101000001100101101011001110000100110110001100111110
0000110111001111111101010111111010010100100100100110011011011111
0110110110100100110111101010010000100001011010111110100110000000
1001010011000111110011111100010111101000001010100101000110100111
1000110011010110100110011111111011001101100001000011101001101101
1101011000000110111101110011001011100011100010111011111000101111
0101110101010111011110011100001001111000011001110001000000111011
1100111000100010101111110010100101100110010100010101111011011000
0100101111001000111010010111110111101001010011001010101110110011
1111110101111010000101000101101000110110111001111001100010101001
0100100100100001101000011010101001001000011101101001101100111101
1010001000011101100101110000100101101110100000011011100011000011
0100101100110100100001101111001111101100101011101110000110001111
1101000110101110011101000111010011000101011010110000000110010000
1011010101111100100100101111101001101100000100111011100001000000
1000101001000011010101101011001010001100111000100101001100111001
1011010110010110110010111010010011000011010011101111000100010110
1110001000100111001100111001011011100111110110000001000000000011
0111010011000010111110111000000000101101100011000010010010011101
0011000100000010000011111100010000101000110010100010010111111110
0010111000101110101001010010100100011010111010101000010100001000
1011001101000010011110110000100010010010010110000101010111101001
0011010011000110000110000101011101110110011100001101110110101100
1001111010000101001000011101001110011100111111011111011101101101
1010101111110100101110110110010001000110000100111100001001001110
0010110011101011000101010010101100101001111101101101101111101010
0111110101110010110110010000000101101001000011001010111010110111
0010011110111000000101100101100110101010111110111101110100010100
1101010101011011111001100111110100110000100010100111111001010111
0110100101110001101101110111000001000110110011110010111110000110
1010111100000000000101111010101100001001101010101000010010111000
1010110010001000111110101100001000111010001110011010100001110111
0000111101110100100101111011010011101111010000010110111101101001
1011110101100001111001000110111011101010000000011101110100100100
0100101111101110010000100101000101101101110100001111111111100011
0101100100110001101100011010111000111101000101101001011101001100
0111001001100011100011001001101111001001000011001011010010111110
1100110011110111101110001100001100001011010001111100001100010000
1101101001101001110000000111111100110000010010001101100010111000
1101100111001100111000011011001110010100110000110110111101001100
1110010100101111010101000001110100111101001000111011111111100111
0100000101010110100000100100101101101101101110001001010001001111
1101010010111100001100000100010100000000111111000000011010111001
0010100001100100010111100011010111001100010001011010001001011010
0000101110100101110101010101100101111111010110111110010111011011
0010011001011010000010101101101110100001101101010011111111110111
1100100101011001010100010101000000110000011001001110000001100000
1110110101100110111011100111101001000101010101111101111000001010
1110010001100001101010101100000110111110010111111011100101110111
0110001011110011100101011011000001011011100011000100010010100000
1011001100010100111011000111011001001011010100101110111001110110
0011010001011010001011010010011110111110010111111001110111001010
0101101001000000111110111100110100100011101100100101010010101101
1011101000101010000100011010010111100011110110101100110111000001
0000100101110000111001111111011111011100001000000010010111100011
0000010000011000110010000101110011100010010111010001111100000101
0111011100001101010011110001100111100101001110111110100101111011
0010000100001010001000101000010101101101001000000011000100011100
1000100101110100001000101100010111001111000101001001011111001111
1010100101001100011010000100111111001101001010110011010100100000
1010010011101011010101011011101000110010001110000111101100101111
0110101001011011011001100011011001110001001011011000111000010011
1100001101000010001000000111101010001100101011101110010100011011
1101011000011111100000101011011101011100010011000111100101000010
0110000110111100111101101010010110011010100000011100101010100100
0000110001100001111110100000000001010110000010100010111110001000
0010100110100101000000100101000011011101010101001010110000000011
1001111101001110011110001100111010000101111001010110100100001001
1101100000101001111011100111011000110100111111001101111001111110
1010000110111110000000000010000000011011001100110110001100001010
0010000010111001110000110010000110101100001110101111111101101010
0001010010010010101011001111110110001110010110101100001101000010
1111001111011001010100101100001111100010001111101111111000010001
1100011110110110010011001001111001000110100001011100100110101000
1000011110001100011111110000110110101111011011101100011110001101
1010010000000001001011111100101110110000111010111110000110110110
1000011111101100101101100011000010010101111000000110100111001011
1000110001111011001010011011100100110010100011010111000111100000
0011010110111001001100010000101111110001110001101010010001010001
0000100000010110011100111010001100011000011001110110001000110101
0100100011011101011100110001001100110100111000001011001100100100
0111010010100101101111110000001111111110111010000101100100001110
1111110001111101111001101100000101010001100010011001011100111100
0001110110010111111000110011011101000100111111101100001110001101
0110000100111101000101101100010111111110100100010101001001110101
1001100000010000111100010010100001011011110111001101101010010011
1011001101111101100011011111110010111011101100110000000000011100
0110011011101011011001000101000010001011011100110110100110010110
0101110001100111111011011111010011010110000011011000111100101111
1110101110111110110101000011010001010001100110010110100111110100
1110000000101010100101001111011101010011010000001001001101001001
1011110101000111111101001110110000010000000101001111010110001011
1100110101101000100100010111011001001000001101000001010100000110
0111111101101101111010101111000011001011100000010001101010011011
0011000001001100010110001010110111001110101111101010110001011111
0000000010100101011010001110001011101100000111011111101010011110
0000001101100100110011010000011101010000101100111001101011001000
0011001000111011100010011101000000111111110010001011101000010000
1000100111100111011111101001000011101001011001010101110111111110
1001111110001111011100100000000100001011111000001011110001011110
0111101000111111011001110101000100000011010001000000110101010101
0110010111010011101101101101001010100101011001110111111000011000
1001111100100111111011001000000010110110010010000110101111011101
0000000111110010011011010110011110101110111100000110101111011010
1011011011111110100101000011000010110101110100100001011101110010
0110111010000110000100111001100010100100111011100110011010000010
1111110001100010001100101101111101110100011000101010110111011100
1111001001011001111100001110000000101001001010111001000111111100
0011101100011101011111111000110011001100010001100100100010101001
1000000000100110101111000011011101001101101111110101000110011010
1101001101000111100110011011011001101111110101000000100111010010
0110000100101101010001000011100000111101000111000111011000111101
0011001001011010101001111000010101010001010010011011000100001100
0111010001100001000111011011110100011111000110110001011100000001
1111000010000111100011101101101011110010011100000111010011101111
1100011101010001111101011010111100001110011000000100100100011111
0101110110010000101011100111001001110101000100111000100010101001
0101100110101010101110010011010011110011010101101001101100001110
0000100011000001111010000011011100011100001101100001110001000110
1011011111000010100001101001110010110001101100101111110001100101
1000101011011000010110111110111000000000101001000101101101111100
0011001110110100100010011000010111111010001110010001001001110001
1001110011000111110000011110011100100111101111011100001010011100
0000010100101100101011111011001011001110110111000011000010011001
0101100011010000100110000001011111110000000100000110101010110010
0000110101100110110111011111011101101110100000000000011011000001
1010100001010010110011101001011110111110010110110100001101101100
0110110000010000100110101011100011111110111100001111110101000100
0001001011001010100010011101000000000001010010111001100000100100
0100001111010001110000011011110010100101011010000110000011110101
0100010111110100100111010101100011111101111001010011101110111111
0000011101111111110001011101100010001110010000000100010101000010
0110111100000110011111111111100111101000111110101100100000111111
0010001011100001101100011010000101111011000111010001100001011000
1110110111110111110010010011111001000101000011000010011001010010
0010100001111010100011101100001010110101111011101011110101000110
1001111000010100100001101110001110111101000110001111001110011101
1010110101000000010011000011010010010011100110110001111100011111
0110000100101100111000001110101001011000001111100110001000110010
0001001111101101101000110001101010110011000011110010001011001111
0001011110010100101011101101011010010100111001110011011101000100
0001010011011000111000101010011001001111101100101110111010010101
1010111010100011011011101001101010000101010101010100010100110101
0101001110101000010000001000100111111000101001011011001000101101
0000111110100000100001111000001111110010111011111100010000010001
0111010111011101010110111110010110010110000010100011010101110001
0111110100010001111100001111110101100001000100111010110101010011
1110011110111001110100001111000111011001101110001101101011110011
1111101011101011111100011001101101110000011110010100010111010101
0000101011110001000001110111010110110010111001101001101001010011
1110000101011001110000000001001001010000101101110101100001111001
1110010010110001010001011010110000110101011011010011100011000010
1100010110110101001101001011000000000001110110010001101000010010
0111001001000011100000001010010100010010010001110101111101110001
0000110011001111000011111001111100001111000011111100101000010000
1011001110000001101010010101110010101011100100000111100011000001
0000001111111100110011011111111011001110001110000110100111000101
1100100000110000100000001000110101100110110101101111000011101011
0111000110101100011110110100100101000011011110110001101100101110
0000110000111101111110101000011100011000010000110011000111000101
0011001101111101110111101010100101010011101110101011101100001011
0100000101101000000010110111010100011100011101110101001000010010
0111010111010111111011100110111011000111100101110111011101101011
0110010011000000010100110100000110011001110101111110101000001010
1101000010101101101010010101001101111110111100000111100000110010
0111001001111100010011010101110100101100000011011110110010111101
0001001001001111011101010111011110100010110100110111010111101001
1001111100101110010010101010010000011011010100111110101100001000
0100011100001010100100001001111001100001101110001111010000100011
0111000110110000110001000001111100001110001001110110001001010011
1111010001110011101001000111100000000111001111110010001100011001
0001010111100001011010011010000111011110011111011001000001010010
0111011000110100011010010101011010101001111011101111101111011001
0101001111111100100010000011010010000110110010110111000111110011
1101110100010010111101101011001101011001011101110001001111011001
0011100011101111010011111011110001110011011111101111110100110011
1100010010110110000101111110000101100001011000001111001001101101
1011100110011001011011110111001101110101001001010100100011111010
1100111111010101010100101100001111101110110010000000011101101010
0010111011001111100000000000010110010001100111110111000011111100
0001101000001100101100110010011111001101111011011101000101101100
1101011110001011011011001110101101010110101111100110010111010010
1101111101010111001111110100001110001111001000111001011101010011
0010100000100110111011001111011100010101111110010110111111101010
0000001001010101000100010111001110001001111111010101011111100101
0010100010101001110010011111000001011001111011000011001000111001
0110110010110001000011000010001100011001110100110111011000110000
1100000101110111010001010001101010001110000011011011111010110101
0001011010100110101011000000111100101001101000001101111001101110
1001011001000001001100011011010100010100001111000111111100010000
1011001001101001000000111111010010110000000110000110111010111110
0000111011111100101011101100000001101000000111111010110111101000
0010111100110100000000011110011110110010110010001010010010011110
0010111100101010101010110110011100100000100011010011111101010100
0111011101010110110001010000110110001000010001111110101011110011
0010111111111010000111111010010000101110011111000010010101011111
1110001010110100001110101101110001011101001001100010010100000011
0111001000000111011100111111100001000110001100100110111000010110
0111110000110110101000111001010000100001011011100010011110001000
0100011110101111001000001111000100100111010001011110000101100100
1001000010001011100100010001110100001011011100110101010111010010
1101001010011010000111000110110100010011001110010010010000001011
0000011111110100111110110010001100100110100000001010100010110111
1101011110000000111011000101010110011110111111000001111100000101
0111001110101111011000001010101010001111010011100001000110001110
0000111010110000111100101101001010111111110111100000011010100010
1101111100000101011000111111001111100111000100000110111101000111
0100010100100001011101110101101111010101111101001101100100000000
1100111001111010011010010111100000100100011000111001111111111101
1101011011010111111010110100111110101100110001101111110000001010
0101101000011000011101110110001010010100011111010001010011001000
0000011100011100111010000101000111110110101110100001101001101110
1111101001001000000111101000011110000001000111010001100000110111
0110100100110101001001101110011100010000101000101010011011110011
1000011000111010101001100000000010001010110010100100001000010000
0010001011001010101000011111111100001001010010111111010101101100
1100011100010110001010101100101100000111110011101111011010010011
1000111101001011000110111110011111000011010111111000000110001001
1100100100011000100101000110111101110110001100111000000000100011
0111101011001010111000101111100110111010111101010011110010110010
0111100111110100101100111011000011111011110100111110111011100010
1000011100000101110010110001101001100010111011101001100110100100
1111001100011001101110001001010000100011000001001011110001010010
1100101010011111100000010000011010011111110011110011101101011010
0011111000100111010110011010011011100010110010010001101101001101
1010001010010011000010001001111000100110101010111011110111100001
0111011100011110110111100000110011110010010011100001110111011110
0111101000000100110001001111011111010010110111100010000100111101
0001000011011010011111011111000000100001111101110110101000001001
0101111111010100110000000010111001100110000101000111001111111110
1100100111001001010100101100111111011110110111111101100010011110
0001001010001101110000000011000110101110110101110000001111100000
0111100000011011110000111001000100111100001011000001100101100100
0101000010101110110010000011111000011000011010010101010111000010
1100011000001011011111100111110110111111001001011001101001001111
1011110001110111100111111110000101100011011101001111111101001010
0101111110111111010000111100011001101110100111000010000111100010
1010000010010110100011110010010101000001011101010110110101110000
1010101010000011000110010111011110111011101110001111001111111111
0111000010010111111000101110010100110001011100000011110010011001
0111101110101101010100011010011011101111010010101001111100100111
0001000011111000100110011111001100100010100011110011110000011001
0000101111001010110010010000001100110000110111011111010111001011
1001010100000110110011110001010000000011000110010000010000101001
1000111100001100111111101011101110101101011011001010110110111110
1101111011101100101010000111111100010111001000110110111000000010
1000100100001101111110011110010001100111111010011111111101001010
0001001101100100000110100000110100110100001000011111000001111110
1101101010001011011101010101000011001111011101010111100010011010
1011111111011100010011011001001011011111011111111000001111101011
1001110000100000001011110110100001111010011111100000011000001000
0111101000010011000110011011111010010101011110101011110110010111
0101011000010111100011010001110011101001010100110010000001000011
1010011101100001000001011101000101000110011001111010000011010101
0111111111101000111110101011000001011011111101100000110010100101
1000001101010000101000111100000101101100001011101110000000010010
1110011010000010111110101011110101110100011110011111110110100111
0101101011010000111101101001100011100111001011101011000000101100
1001100011111001111111010010110101110001011011101000000110101001
0011110001111110000101110100110100101110001111001000001110110001
1010000001010010110111101110101100111101010111001100111001100101
1011001000000110001001100111110010111111100011011000010010101110
1110100100010100011100000111011100100011111111100101011001001111
0101010001100100001110001010100100010000100100001100110100110011
0111010100110010010110101101001101100011101110010001001010100111
0010101010001111011110110101000000111111110110000011011100101110
0001001100111010100011001111000110110110010110001100111001011101
1011010000101000111111011011111010110110101001100000100111101101
0101101000111110101010011100101111010100011100110001101010011010
1111110101000011011110100101000111100001100101110000100110101011
0000010011101010110001111100111111001001011110010000111010100010
0010111110000001011100111111010011111010101001010101100011000101
1011000110010011100010011001111000101001101100011100001101011110
1001100100100110111000001100101000000011110101011010010110110101
1010101010101101001010010100111000011100111101010100000100000011
1111101010001110011010010011101110100101111010000111111011100000
0110011001010011000001001000010100100111101000101110011000001111
1010000101111110010011100101100000101100110111011110011010011100
1111001100101000100011100011011000101011001001111011010110011110
1110011000011101011100011001010000001110110100000111000001000101
1010111000111100001111100110000011011111000001010011100000010110
1100000010000010011010111011110101010000110011101111010100111010
1011011101001001010010011010110101110100001100100101001110101111
0111101010011011010100101011000110010110010011000111100001000111
0101010101101000110100100111000100001110101000011111011001000010
0111000111110010010011111100111001001100011001000111011000010001
0111000111011100100110011111011010000100010100100010000110011001
1010110111111001110111010001111011111101110001010111110100010110
0011111111101010000011011001001101010101000111000001000101001000
0110111001111110100100000100001110001000010100011101011101001111
1100100101101010111011101101100001000000011101001011101000000100
0100001000111101100010010101010011011011111001010111100011110000
0101000000010010100111100001111010111110111010101111001100110101
0000011110100100000111100010101011110100100111011010000111010101
0010111000111001010000010101110001011110101111101111111010010100
0111100010010110011110011111100100011001100100001110111101011111
0001111010000111011110110110011101000101110000001100101001010011
0101011111000100111111101110111110101001011111111100100111010010
1000110000100010010010101010000101100111000110001010101100010001
1111101100011001001000110010011000000101110010001110010110111010
1110000010110011011000001011111110110011111011000011100110101111
1010100001011100110101111000111010000011011111001000010110001111
1110111100110111111001001001111011101111111010101010100000110111
0101101110101110001100100000111111101001000011100101011010100000
1111010011000010111101011010111011001001111000110111110010000101
1111111110001111001001110110001000110100001100010110010011011100
1111010100111110111111010010101110111011001000000101111000111101
1001101000010001100000000110100010111100100111011011101111001100
0010111001100011001010111000101111001101100101111101010100000011
1100111000100010110111011100111010101011110111111101000111001010
0110001101011111001111010100010011110010000101100111111000111000
1101000101101011010000111001000001110100010101100100111100001110
0101100111110000100101101100101111011001011101111010011000001101
0010001001100110101101101101110010011101111101000110000110010111
1000001000100011011100001000111110000010010010110000110101011011
1000111100010000101111011100111001111011011110100001110111010011
1110110000101100011001100011011011110101011101111000011100000101
1110100000100101001010010010100000101000110111110011000100110101
1101111111000011100001000110010000111000100110000011110101010010
0101000100010011101100110011000011011010000111100001101111100100
0110111001011110100000111000110110110111111011101000011000011110
1000000000010000110111111100110010011011111100100001110010000111
1110011111011100001100001101010001111001001100100111010001000111
1011011111111001100111111111000010011101011011101110101101101110
0101011001101100110010010101011101111010001001110101010110000110
1101011000011110001111101011101011000011000010001001010110101000
1101101000010011100110011100101010000010001111111000110110001000
0001001011111101011010100101000100111001110110110101110010000011
1110000001010011000001010100010100011000111101110000110010000011
0111010110101110110011111111110000001001111100000000100100011000
1111000111001010000000000001011000101001011001101001111100101100
0101100100010011001010111110010010111011010110010011101010000101
1111001110101001100000100001100101011100110111111111101111001011
0001011101001111111001111010000100101001100111101100001111011011
1011000001011010101010100111001101010110001011110010101000100100
1000000000110100111000111110111011101000011001000001100000001110
0000011100011110001101010001011101100111001001011000101110110011
1011101111111010100101010100110001100101100011001010111101100001
1100011000010001010001001110011101010000011110101010001011011111
0100000000010100011011011101010110010100110110011000101110110000
1111111001001110101110000111001111000011000110100000101000011001
0001010100111011011000110111010000101001110100100111110000011001
1111011111001001000000000011010010111110001100011010101000111000
1001011100101100000011110101001001010100001110001101100001110001
1111001100101011101010010111010111100011101010001000111111001110
0001001000000001001000011010100001011011110100011001101111000111
1110000000111011001011111001001101100000010110001100100101110011
1110001101011110000110100000010011010111101000000010111110110100
1000110111000000001000111111100110110101110001111011011101100011
0101011011111110110110000000110010111001110011010101001001110110
1100100010111010101101011010011010000100101011111111100101101101
0101110110000110011000000001001011010011111001010011111000000011
1000010010110011000011100101010001011010001101010000101011111111
0001010101001100000101100110010011010000100110001011011011111011
0111100101001001010111100111111110101011010101100111001001001001
1010001110111111010100001000011100100001011110000010110010111001
0100010010001001001111101111000100001010011010110100111101101001
0111110010110010010001011110110010010111001010011101000011000000
1101111110101010001101011100110110101001010100011001100111011100
1101111011000010111011110000100000010110111001001010011110010111
1111010110011001111100000010110110000110100011011110111011010010
1001010011110010100010001010110111011000001111011101000000110100
1011101101110110001101001010101000001100100000001011010101010101
1111100011010000100010010110111000101101010101010000111000010101
0101010001001011111100001100011101000111001011100010011011011010
0011001100101000011001111111001000110111010011110100000001100100
0100101110100111111100011111011110111011110100011101100101111010
1110010100111011001110000000101011100011001110000110111110110101
0011001101111011001010011001101101001011010111101100100010010110
1011000010110110001001100001110101101111011011111000011110000001
1111001000000010001000111111110011000010101011001100101001111000
0111100101110011010100110101010100111111111101110000000110100010
1100100110010010101010101010010111100010011111011000101011101111
1111011101100100010000101001001000111100010100001111001001011001
1010000010111101010100000001101100101110000010001011001111011111
1110110001011011100111011011100001110111000110011010000111101100
0010000000010000000100001100111101001100001010010000011001100110
0010110010011111000001001010111100101000001100010101001101111101
1011110110011110011001011011010110101010110110000001011111011101
0011101010000000011101101111110100100110001101001101111111000000
1100000101100101101000010100011011101110101101101110010011010110
0110000010001001001111011001001110010110000011000001001111001000
1000111111100101100000001011111110010101111000100011001110111100
1000010010111011110011111000110000001101111010010010111010010110
1100010000111110100100010011110010000110000100110110110000010111
0010000011010111001000001100011110100010101010110011101000111110
1111101111010011100010111110100010111111001000101011100011110010
0111001000110100011010010111010000101011001010010000111110011110
0110111101101111011001010000101110010001100000110010110011001110
0011101101010000111101001101011111001111011000100001111100110011
0101001101110111000011110010101000000001000111100000111110101000
0011101001010100101001001001010110010000000000110100111011110100
1110111010010101000100110001000100011000110000100111110101111001
0000000010100010001011100001101001110101011000100010001100000011
0001000110110001000000001000111111011111010000001101111011011001
0000110001100000100110000011000111001110001111011011011010001101
1110001001111001110110101001101001001001101101001000100011001000
1111000010010100000010100001001100000010100110010101110111100011
1111111111110001101001011001010100010001001100111101011100001100
