0100001011011001001101011001110011101001101100000011100111000110
1011111000000111101010110100101100110110101101110011101011110001
1101010000000110100111101010110011011011110001001001101110000111
0101001010010010111010010111000001101110101000001110011011000110
1001100100100101111001111001111101111001100001011000010001110110
0010111010101100110000101011000001010100001000001000000010000101
0000010001110001010001010101110000011111000000111110011111111111
0011101011011100010000010010011100001001110000101111000110101001
0110100011010100110001011110011001101000110110100110100001101110
0101010110100111010101001110100000010010111011000001111110010000
