1111101100011001001000110010011000000101110010001110010110111010
1110000010110011011000001011111110110011111011000011100110101111
1010100001011100110101111000111010000011011111001000010110001111
1110111100110111111001001001111011101111111010101010100000110111
0101101110101110001100100000111111101001000011100101011010100000
1111010011000010111101011010111011001001111000110111110010000101
1111111110001111001001110110001000110100001100010110010011011100
1111010100111110111111010010101110111011001000000101111000111101
1001101000010001100000000110100010111100100111011011101111001100
0010111001100011001010111000101111001101100101111101010100000011
1100111000100010110111011100111010101011110111111101000111001010
0110001101011111001111010100010011110010000101100111111000111000
1101000101101011010000111001000001110100010101100100111100001110
0101100111110000100101101100101111011001011101111010011000001101
0010001001100110101101101101110010011101111101000110000110010111
1000001000100011011100001000111110000010010010110000110101011011
1000111100010000101111011100111001111011011110100001110111010011
1110110000101100011001100011011011110101011101111000011100000101
1110100000100101001010010010100000101000110111110011000100110101
1101111111000011100001000110010000111000100110000011110101010010
0101000100010011101100110011000011011010000111100001101111100100
0110111001011110100000111000110110110111111011101000011000011110
1000000000010000110111111100110010011011111100100001110010000111
1110011111011100001100001101010001111001001100100111010001000111
1011011111111001100111111111000010011101011011101110101101101110
0101011001101100110010010101011101111010001001110101010110000110
1101011000011110001111101011101011000011000010001001010110101000
1101101000010011100110011100101010000010001111111000110110001000
0001001011111101011010100101000100111001110110110101110010000011
1110000001010011000001010100010100011000111101110000110010000011
0111010110101110110011111111110000001001111100000000100100011000
1111000111001010000000000001011000101001011001101001111100101100
0101100100010011001010111110010010111011010110010011101010000101
1111001110101001100000100001100101011100110111111111101111001011
0001011101001111111001111010000100101001100111101100001111011011
1011000001011010101010100111001101010110001011110010101000100100
1000000000110100111000111110111011101000011001000001100000001110
0000011100011110001101010001011101100111001001011000101110110011
1011101111111010100101010100110001100101100011001010111101100001
1100011000010001010001001110011101010000011110101010001011011111
0100000000010100011011011101010110010100110110011000101110110000
1111111001001110101110000111001111000011000110100000101000011001
0001010100111011011000110111010000101001110100100111110000011001
1111011111001001000000000011010010111110001100011010101000111000
1001011100101100000011110101001001010100001110001101100001110001
1111001100101011101010010111010111100011101010001000111111001110
0001001000000001001000011010100001011011110100011001101111000111
1110000000111011001011111001001101100000010110001100100101110011
1110001101011110000110100000010011010111101000000010111110110100
1000110111000000001000111111100110110101110001111011011101100011
0101011011111110110110000000110010111001110011010101001001110110
1100100010111010101101011010011010000100101011111111100101101101
0101110110000110011000000001001011010011111001010011111000000011
1000010010110011000011100101010001011010001101010000101011111111
0001010101001100000101100110010011010000100110001011011011111011
0111100101001001010111100111111110101011010101100111001001001001
1010001110111111010100001000011100100001011110000010110010111001
0100010010001001001111101111000100001010011010110100111101101001
0111110010110010010001011110110010010111001010011101000011000000
1101111110101010001101011100110110101001010100011001100111011100
1101111011000010111011110000100000010110111001001010011110010111
1111010110011001111100000010110110000110100011011110111011010010
1001010011110010100010001010110111011000001111011101000000110100
1011101101110110001101001010101000001100100000001011010101010101
1111100011010000100010010110111000101101010101010000111000010101
0101010001001011111100001100011101000111001011100010011011011010
0011001100101000011001111111001000110111010011110100000001100100
0100101110100111111100011111011110111011110100011101100101111010
1110010100111011001110000000101011100011001110000110111110110101
0011001101111011001010011001101101001011010111101100100010010110
1011000010110110001001100001110101101111011011111000011110000001
1111001000000010001000111111110011000010101011001100101001111000
0111100101110011010100110101010100111111111101110000000110100010
1100100110010010101010101010010111100010011111011000101011101111
1111011101100100010000101001001000111100010100001111001001011001
1010000010111101010100000001101100101110000010001011001111011111
1110110001011011100111011011100001110111000110011010000111101100
0010000000010000000100001100111101001100001010010000011001100110
0010110010011111000001001010111100101000001100010101001101111101
1011110110011110011001011011010110101010110110000001011111011101
0011101010000000011101101111110100100110001101001101111111000000
1100000101100101101000010100011011101110101101101110010011010110
0110000010001001001111011001001110010110000011000001001111001000
1000111111100101100000001011111110010101111000100011001110111100
1000010010111011110011111000110000001101111010010010111010010110
1100010000111110100100010011110010000110000100110110110000010111
0010000011010111001000001100011110100010101010110011101000111110
1111101111010011100010111110100010111111001000101011100011110010
0111001000110100011010010111010000101011001010010000111110011110
0110111101101111011001010000101110010001100000110010110011001110
0011101101010000111101001101011111001111011000100001111100110011
0101001101110111000011110010101000000001000111100000111110101000
0011101001010100101001001001010110010000000000110100111011110100
1110111010010101000100110001000100011000110000100111110101111001
0000000010100010001011100001101001110101011000100010001100000011
0001000110110001000000001000111111011111010000001101111011011001
0000110001100000100110000011000111001110001111011011011010001101
1110001001111001110110101001101001001001101101001000100011001000
1111000010010100000010100001001100000010100110010101110111100011
1111111111110001101001011001010100010001001100111101011100001100
